4294967278,116
4294967278,111
4294967278,106
4294967278,100
4294967278,95
4294967278,94
4294967278,92
4294967278,85
4294967278,79
4294967278,73
4294967278,67
4294967278,66
4294967279,111
4294967279,106
4294967279,101
4294967279,94
4294967279,93
4294967279,86
4294967279,80
4294967279,74
4294967279,68
4294967279,62
4294967279,57
4294967279,52
4294967293,131
4294967293,130
4294967293,129
4294967293,128
4294967293,127
4294967293,126
4294967293,125
4294967293,124
4294967293,123
4294967293,122
4294967293,121
4294967293,120
4294967293,119
4294967293,118
4294967293,117
4294967293,116
4294967293,115
4294967293,114
4294967293,113
4294967293,112
4294967293,111
4294967293,110
4294967293,109
4294967293,108
4294967293,107
4294967293,106
4294967293,105
4294967293,104
4294967293,103
4294967293,102
4294967293,101
4294967293,100
4294967293,99
4294967293,98
4294967293,97
4294967293,96
4294967293,95
4294967293,94
4294967293,93
4294967293,92
4294967293,91
4294967293,90
4294967293,89
4294967293,87
4294967293,86
4294967293,85
4294967293,84
4294967293,83
4294967293,82
4294967293,81
4294967293,80
4294967293,79
4294967293,78
4294967293,77
4294967293,76
4294967293,75
4294967293,74
4294967293,73
4294967293,72
4294967293,71
4294967293,70
4294967293,69
4294967293,68
4294967293,67
4294967293,66
4294967293,65
4294967293,64
4294967293,63
4294967293,62
4294967293,61
4294967293,60
4294967293,59
4294967293,58
4294967293,57
4294967293,56
4294967293,55
4294967293,54
4294967293,53
4294967293,52
4294967293,51
4294967293,50
4294967293,49
4294967293,48
4294967293,47
4294967293,46
4294967293,45
4294967293,44
4294967293,43
4294967293,42
4294967293,41
4294967293,40
4294967293,39
4294967293,38
4294967293,37
4294967293,36
4294967293,35
4294967293,34
4294967293,33
4294967293,32
4294967293,31
4294967293,30
4294967293,29
4294967293,28
4294967293,27
4294967293,26
4294967293,25
4294967293,24
4294967293,23
4294967293,22
4294967293,21
4294967293,20
4294967293,19
4294967293,18
4294967293,17
4294967293,16
4294967293,15
4294967293,14
4294967293,13
4294967293,12
4294967293,11
4294967293,10
4294967293,9
4294967293,8
4294967293,7
4294967293,6
4294967293,5
4294967293,4
4294967293,3
4294967278,129
4294967278,124
4294967278,246
4294967278,119
4294967278,117
4294967278,114
4294967278,112
4294967278,229
4294967278,109
4294967278,227
4294967278,108
4294967278,107
4294967278,105
4294967278,219
4294967278,104
4294967278,217
4294967278,103
4294967278,102
4294967278,101
4294967278,339
4294967278,99
4294967278,98
4294967278,97
4294967278,96
4294967278,93
4294967278,91
4294967278,90
4294967278,89
4294967278,87
4294967278,86
4294967278,84
4294967278,83
4294967278,341
4294967278,82
4294967278,81
4294967278,80
4294967278,78
4294967278,77
4294967278,76
4294967278,75
4294967278,74
4294967278,72
4294967278,70
4294967278,65
4294967278,519
4294967278,61
4294967278,60
4294967278,56
4294967278,55
4294967278,51
4294967278,50
4294967278,46
4294967278,45
4294967278,41
4294967278,40
4294967278,36
4294967278,345
4294967278,35
4294967278,33
4294967278,22
4294967278,21
4294967278,20
4294967278,19
4294967278,17
4294967278,16
4294967278,14
4294967278,13
4294967278,12
4294967278,11
4294967278,10
4294967278,9
4294967278,7
4294967278,6
4294967278,88
4294967278,0
4294967279,112
4294967279,109
4294967279,108
4294967279,105
4294967279,395
4294967279,104
4294967279,102
4294967279,400
4294967279,21
4294967279,403
4294967279,267
4294967279,16
4294967279,266
4294967279,276
4294967279,275
4294967279,10
4294967279,257
4294967279,7
4294967279,281
4294967279,5
4294967279,88
4294967279,0
4294967279,260
4294967294,5
4294967294,1427
4294967294,1161
4294967294,1442
4294967294,1157
4294967294,988
4294967278,253
4294967278,342
4294967279,402
4294967278,346
4294967279,401
4294967279,397
4294967279,394
4294967278,340
4294967278,337
4294967294,1377
4294967294,1375
4294967294,1445
4294967294,918
4294967294,1447
4294967294,1162
4294967294,744
4294967294,743
4294967294,740
4294967294,1437
4294967294,739
4294967294,737
4294967294,735
4294967294,734
4294967294,731
4294967294,730
4294967294,729
4294967294,727
4294967294,726
4294967294,723
4294967294,722
4294967294,719
4294967294,718
4294967294,717
4294967294,716
4294967294,714
4294967294,711
4294967294,710
4294967294,705
4294967294,704
4294967294,701
4294967294,699
4294967294,148
4294967294,697
4294967294,696
4294967294,694
4294967294,693
4294967294,692
4294967294,691
4294967294,688
4294967294,1370
4294967294,686
4294967294,685
4294967294,683
4294967294,679
4294967294,678
4294967294,674
4294967294,673
4294967294,670
4294967294,668
4294967294,666
4294967294,1373
4294967294,665
4294967294,661
4294967294,660
4294967294,659
4294967294,658
4294967294,657
4294967294,656
4294967294,654
4294967294,653
4294967294,652
4294967294,651
4294967294,649
4294967294,648
4294967294,647
4294967294,645
4294967294,642
4294967294,641
4294967294,639
4294967294,638
4294967294,637
4294967294,636
4294967294,1372
4294967294,634
4294967294,630
4294967294,627
4294967294,626
4294967294,625
4294967294,624
4294967294,621
4294967294,620
4294967294,618
4294967294,617
4294967294,615
4294967294,614
4294967294,613
4294967294,612
4294967294,1376
4294967294,611
4294967294,610
4294967294,609
4294967294,606
4294967294,602
4294967294,466
4294967294,600
4294967294,598
4294967294,595
4294967294,593
4294967294,592
4294967294,0
4294967294,591
4294967294,142
4294967294,140
4294967294,589
4294967294,588
4294967294,586
4294967294,585
4294967294,583
4294967294,582
4294967294,579
4294967294,578
4294967294,577
4294967294,319
4294967294,318
4294967294,317
4294967294,316
4294967294,314
4294967294,951
4294967294,313
4294967294,312
4294967294,311
4294967294,310
4294967294,309
4294967294,1094
4294967294,307
4294967294,1446
4294967294,305
4294967294,304
4294967294,303
4294967294,302
4294967294,301
4294967294,46
4294967294,300
4294967294,1438
4294967294,299
4294967294,298
4294967294,297
4294967294,296
4294967294,295
4294967294,24
4294967294,26
4294967294,133
4294967294,291
4294967294,289
1,3
1,0
4294967294,288
4294967294,107
4294967294,1093
4294967294,287
4294967294,286
4294967294,285
4294967294,283
4294967294,282
4294967294,279
4294967294,2
4294967294,278
4294967294,276
4294967294,275
4294967294,274
4294967294,273
4294967294,272
4294967294,29
4294967294,269
4294967294,1
4294967294,267
4294967294,90
4294967294,86
4294967294,265
4294967294,264
4294967294,28
4294967294,27
4294967294,25
4294967294,262
4294967294,259
4294967294,1091
4294967294,1627
4294967294,258
4294967294,257
4294967294,84
4294967294,1134
4294967294,256
4294967294,255
4294967294,253
4294967294,252
4294967294,249
4294967294,248
4294967294,130
4294967294,245
4294967294,948
4294967294,244
4294967294,239
4294967294,1155
4294967294,237
4294967294,236
4294967294,52
4294967294,234
4294967294,228
4294967294,431
4294967294,1088
4294967294,225
4294967294,224
4294967294,1089
4294967294,221
4294967294,572
4294967294,220
4294967294,218
4294967294,214
4294967294,212
4294967294,1150
4294967294,208
4294967294,207
4294967294,204
4294967294,203
4294967294,788
4294967294,201
4294967294,1090
4294967294,198
4294967294,197
4294967294,196
4294967294,195
4294967294,193
4294967294,192
4294967294,567
4294967294,565
4294967294,563
4294967294,561
4294967294,557
4294967294,1135
4294967294,555
4294967294,551
4294967294,559
4294967294,547
4294967294,546
4294967294,545
4294967294,139
4294967294,573
4294967294,558
4294967294,544
4294967294,568
4294967294,137
4294967294,543
4294967294,542
4294967294,541
4294967294,136
4294967294,540
4294967294,575
4294967294,129
4294967294,539
4294967294,538
4294967294,537
4294967294,536
4294967294,147
4294967294,535
4294967294,134
4294967294,574
4294967294,146
4294967294,569
4294967294,534
4294967294,622
4294967294,571
4294967294,141
4294967294,619
4294967294,132
4294967294,1154
4294967294,1620
4294967294,1619
4294967294,1152
4294967294,1618
4294967294,1617
4294967294,1616
4294967294,1141
4294967294,427
4294967294,1615
4294967294,944
4294967294,790
4294967294,1681
4294967294,1130
4294967294,1420
4294967294,1685
4294967294,1613
4294967294,1669
4294967294,789
4294967294,1687
4294967294,1611
4294967294,1610
4294967294,1609
4294967294,1670
4294967294,1683
4294967294,1678
4294967294,1608
4294967294,1607
4294967294,1416
4294967294,1666
4294967294,1675
4294967294,1471
4294967294,1606
4294967294,455
4294967294,1671
4294967294,1460
4294967294,1603
4294967294,1601
4294967294,514
4294967294,454
4294967294,1667
4294967294,1470
4294967294,409
4294967294,1665
4294967294,443
4294967294,445
4294967294,437
4294967294,1159
4294967294,959
4294967294,533
4294967294,1421
4294967294,389
4294967294,1458
4294967294,532
4294967294,528
4294967294,430
4294967294,125
4294967294,1138
4294967294,1137
4294967294,1526
4294967294,1525
4294967294,1524
4294967294,1523
4294967294,1522
4294967294,1520
4294967294,1521
4294967294,1519
4294967294,1518
4294967294,1517
4294967294,1516
4294967294,1515
4294967294,1514
4294967294,1513
4294967294,1512
4294967294,1511
4294967294,1510
4294967279,393
4294967278,334
4294967279,392
4294967278,333
4294967278,332
4294967294,1378
4294967294,452
4294967294,167
4294967294,905
4294967294,418
4294967294,448
4294967294,449
4294967294,178
4294967294,420
4294967294,398
4294967294,404
4294967294,408
4294967294,402
4294967294,397
4294967294,400
4294967294,416
4294967294,451
4294967294,191
4294967294,181
4294967294,385
4294967294,184
4294967294,180
4294967294,1374
4294967294,175
4294967294,169
4294967294,183
4294967294,189
4294967294,780
4294967294,164
4294967294,160
4294967294,12
4294967294,13
4294967294,521
4294967294,1414
4294967294,401
4294967294,188
4294967294,185
4294967294,177
4294967294,971
4294967294,970
4294967294,972
4294967294,968
4294967294,174
4294967294,172
4294967294,171
4294967294,1509
4294967294,1508
4294967294,1507
4294967294,1506
4294967294,1505
4294967294,1503
4294967294,1504
4294967294,1502
4294967294,1501
4294967294,1500
4294967294,1499
4294967294,1498
4294967294,1497
4294967294,1496
4294967294,1495
4294967294,1494
4294967294,1493
4294967294,173
4294967294,163
4294967294,190
4294967294,392
4294967294,1492
4294967294,1491
4294967294,1490
4294967294,1489
4294967294,1488
4294967294,1486
4294967294,1487
4294967294,1485
4294967294,1484
4294967294,390
4294967294,1483
4294967294,1482
4294967294,1481
4294967294,1480
4294967294,1479
4294967294,1478
4294967294,967
4294967294,1477
4294967294,1476
4294967294,1475
4294967294,1474
4294967294,1473
4294967294,1472
4294967294,383
4294967294,381
4294967294,382
4294967294,380
4294967294,379
4294967294,378
4294967294,377
4294967294,376
